Name "RA (J2000)" "Dec (J2000)" Z "IR SFR" data Flux Flux_error Luminosity Luminosity_error SFR SFR_error detect rms Npixperbeam
J010624.25 16.6010567.5 -10.3916477.5 0.455 120 1.0 2.091066918439709e-05 1.2553773733953686e-05 1.429193163506623e+29 6.506098772602462e+28 12.720450686118156 7.688345966798427 0.0 2.46529351102e-05 69.61442714174999
J082638.41 126.6600617.5 43.0914987.5 0.603 287 0.0 nan nan nan nan nan nan nan nan nan
J082733.87 126.8911527.5 29.9142417.5 0.681 122 1.0 0.018095575186392484 1.045672957974472e-05 3.1383808200447833e+32 1.216461838304219e+31 27932.976083994334 2071.160559657414 1.0 1.15439326438e-05 39.13477370774999
J090133.42 135.3892607.5 3.2368007.5 0.459 119 1.0 0.012870699456058975 0.00023756543061005965 8.974937114100672e+31 4.0710486045794687e+30 7988.090615464248 578.0963319313635 1.0 0.000280218355859 41.81366611099999
J090523.59 136.3483227.5 57.9867917.5 0.712 339 0.0 nan nan nan nan nan nan nan nan nan
J090842.76 137.1781777.5 10.6502137.5 0.502 22 1.0 7.614116658583503e-05 9.653822037783749e-06 6.521254101355425e+29 6.687303023712723e+28 58.042043109418366 8.428267566068893 1.0 1.83545482866e-05 67.39836415549999
J094417.84 146.0743707.5 9.5053867.5 0.514 184 1.0 -0.0021770670810513696 0.00012180738671350431 -1.9687767837321306e+31 1.1550098187057796e+30 -1752.2983336970615 158.41627073912008 0.0 0.000110577441154 32.180875344499995
J103906.96 159.7790327.5 45.6316817.5 0.634 22 1.0 7.822553467811472e-05 4.706321465452226e-06 1.1491019260959862e+30 6.602262459716938e+28 102.2751490663679 9.696163242555484 1.0 1.08514115273e-05 81.73528241174998
J110437.45 166.1560837.5 59.7776837.5 0.573 22 0.0 nan nan nan nan nan nan nan nan nan
J110702.87 166.7619697.5 4.2840987.5 0.467 183 1.0 0.0002673967851650966 1.6963307419774397e-05 1.9399188420927804e+30 1.2442096289127835e+29 172.66134904652648 16.32741383706603 1.0 2.2110955123e-05 46.206374360999995
J112518.89 171.3287437.5 -1.7590077.5 0.519 119 1.0 6.871067003669274e-05 1.0457150672193836e-05 6.353781508013263e+29 7.551256909715823e+28 56.55146302599677 9.499657561549503 1.0 2.01747477621e-05 68.39111415524998
J121955.77 184.9824057.5 3.6044187.5 0.451 269 1.0 -6.886536833344558e-05 1.5070983680941137e-05 -4.612586647419871e+29 7.89304593766316e+28 -41.054059368707314 9.430802889420594 0.0 2.25664352373e-05 53.07943414724999
J122949.83 187.4576287.5 35.7547587.5 0.614 13 1.0 0.00015047225953204206 1.1586111267709494e-05 2.0520304704521234e+30 1.3748907908486393e+29 182.63977936861372 19.36520287621479 1.0 1.56781606415e-05 47.96918470749999
J123215.82 188.0659397.5 7.3890857.5 0.4 146 1.0 0.00020905106400604176 1.6589496927794747e-05 1.0648212334330905e+30 8.101637081208014e+28 94.77379500041503 9.958660173698696 1.0 2.6981593183e-05 57.65530946399999
J124807.15 192.0298067.5 6.0199607.5 0.632 34 1.0 1.394195058664283e-05 5.862213614739254e-06 2.033059702253166e+29 5.974953063378052e+28 18.09512971710042 7.723045703622247 0.0 1.13452833952e-05 68.60545362949999
J134136.79 205.4033257.5 -3.3570207.5 0.658 515 1.0 -6.521273518108951e-05 1.7964734846682232e-05 -1.0442375335725491e+30 2.010819894409435e+29 -92.94175475771303 26.50434809254643 0.0 2.58694413881e-05 51.04711168349999
J135920.98 209.8374377.5 51.6274847.5 0.413 40 0.0 nan nan nan nan nan nan nan nan nan
J145028.85 222.6202487.5 46.3604747.5 0.782 143 0.0 nan nan nan nan nan nan nan nan nan
J150603.69 226.5153827.5 61.5300317.5 0.437 21 1.0 2.9860651517052194e-05 9.311801600262713e-06 1.8608942206524386e+29 4.495552222008788e+28 16.56278085448729 5.291920394445642 1.0 2.48171670519e-05 94.47641874874998
J150636.29 226.6512457.5 54.0390957.5 0.608 638 0.0 nan nan nan nan nan nan nan nan nan
J155811.23 239.5468317.5 39.9557887.5 0.402 98 0.0 nan nan nan nan nan nan nan nan nan
J161332.52 243.3855247.5 28.5707727.5 0.449 429 0.0 nan nan nan nan nan nan nan nan nan
J163446.48 248.6936727.5 46.3296817.5 0.576 63 0.0 nan nan nan nan nan nan nan nan nan
J163541.71 248.9238047.5 47.1567867.5 0.7 93 0.0 nan nan nan nan nan nan nan nan nan
J171300.38 258.2516057.5 28.2856317.5 0.577 32 0.0 nan nan nan nan nan nan nan nan nan
J211625.14 319.1047867.5 -6.5791147.5 0.728 149 1.0 9.12905697672333e-05 1.0133245588053299e-05 1.8491368041992317e+30 1.5321062352941414e+29 164.5813465269451 22.049167910837387 1.0 1.27736592962e-05 44.68602135174999
J211824.06 319.6002567.5 0.2915077.5 0.459 233 1.0 0.0009294368506342446 2.064795972317956e-05 6.481106418845976e+30 3.0011604538105282e+29 576.8471099465346 42.35104245217023 1.0 2.42817799648e-05 41.6877366635
J214000.49 325.0020597.5 12.1540517.5 0.752 302 1.0 -0.00016897587567235378 1.979492730102454e-05 -3.691106563040785e+30 3.1599177766596374e+29 -328.5247943473653 45.778300197801535 0.0 2.01048035341e-05 36.004009207749995
J225623.75 344.0989897.5 15.0735517.5 0.727 182 1.0 6.113165817493309e-05 8.060572591615622e-06 1.2342982060296672e+30 1.1776194648100105e+29 109.85799444521149 16.664605906961036 1.0 8.89341283093e-06 39.111772626249994
